95,3,11,1469204943345
96,3,14,1469204944248
97,3,12,1469204945033
98,3,15,1469204945763
99,3,13,1469204946394
100,3,16,1469204947016
101,4,14,1469204962273
102,4,15,1469204963001
103,4,12,1469204963673
104,4,11,1469204964691
105,4,13,1469204965363
106,4,16,1469204966091
107,4,14,1469204981423
108,4,14,1469204983054
109,4,15,1469204984062
110,4,14,1469204984734
111,4,11,1469204985350
112,4,12,1469204985870
113,4,13,1469204986486
114,4,16,1469204986934
115,4,15,1469204989568
116,4,14,1469204990301
117,4,11,1469204991483
118,4,12,1469204992164
119,4,13,1469204992668
120,5,14,1469205235475
121,5,11,1469205238901
122,1,10,1469209283375
123,1,14,1469209296937
124,1,11,1469209298953
125,1,12,1469209302258
126,1,13,1469209303154
127,1,16,1469209304668
128,1,15,1469209306519
129,1,14,1469209308312
130,1,15,1469217287629
131,1,14,1469217289869
132,1,13,1469217298106
133,1,12,1469217298722
134,1,16,1469217299506
135,1,11,1469217300350
136,1,14,1469217300917
137,1,15,1469217301477
138,1,12,1469217302037
139,1,13,1469217302430
140,1,16,1469217303831
141,1,15,1469217307135
142,1,12,1469217307751
143,1,14,1469217308423
144,1,11,1469217308983
145,1,15,1469217309879
146,1,15,1469217313463
147,1,16,1469217314191
148,1,13,1469217317047
149,1,12,1469217317945
150,1,11,1469217318673
151,1,14,1469217319294
152,1,15,1469217319967
153,1,16,1469217320640
154,1,13,1469217322208
155,1,12,1469217322881
156,1,11,1469217323721
157,1,14,1469217324393
158,1,15,1469217325177
159,1,12,1469217325800
160,1,13,1469217326584
161,1,16,1469217327425
162,1,15,1469217328209
163,1,14,1469217328941
164,1,11,1469217329446
165,1,12,1469217330245
166,1,13,1469217331309
167,1,16,1469217331925
168,2,15,1469217445711
169,2,13,1469217449745
170,2,16,1469217451985
171,2,14,1469217454450
172,2,11,1469217455463
173,2,12,1469217490406
